62 41 44 62 40 27 46 22 51 53 26 42 60 58 34 33 61 38 46 21 48 35 61 52 61 28 60 30 47 52 
57 46 21 63 29 52 44 37 24 38 58 29 23 41 41 22 43 48 35 62 46 63 44 21 32 51 65 58 35 34 
45 38 23 26 56 53 45 54 38 26 45 24 41 51 35 46 32 40 31 23 42 45 40 46 63 40 55 24 55 29 
51 61 52 22 36 21 40 49 30 63 25 61 33 23 24 62 22 43 21 31 52 48 28 22 24 44 46 55 33 51 
53 50 41 45 28 43 43 52 57 31 32 62 62 34 27 54 34 31 42 21 40 65 43 60 53 27 23 53 54 45 
21 27 45 46 36 28 36 33 23 32 60 57 55 26 62 51 27 49 57 64 62 48 64 27 45 21 65 41 31 28 
27 39 53 56 52 38 33 21 43 34 49 55 39 38 31 65 55 54 36 62 31 32 39 24 31 38 42 62 41 45 
21 39 57 47 30 60 34 24 34 37 44 30 54 29 24 30 34 65 28 53 38 27 36 59 34 44 59 62 39 50 
63 22 61 65 55 30 21 24 40 43 30 58 31 64 25 48 58 27 63 63 50 56 39 62 33 61 52 32 57 38 
31 48 42 39 27 26 36 39 34 50 65 58 22 57 21 35 59 62 28 65 37 59 60 53 37 31 34 33 47 56 
54 59 24 31 49 38 45 42 22 52 24 41 46 44 24 34 31 51 60 47 59 41 51 32 63 21 61 60 62 65 
27 38 57 46 57 35 44 39 64 54 32 64 24 41 59 51 30 59 35 26 47 22 30 22 48 25 49 50 28 30 
36 32 50 45 40 51 59 53 28 26 36 45 30 51 23 44 56 65 36 62 55 59 22 63 34 31 52 31 59 46 
33 60 22 36 64 44 24 35 52 63 35 43 33 36 34 48 58 23 31 52 22 59 23 37 54 47 24 64 25 42 
27 41 47 60 55 42 37 53 55 52 65 40 64 55 56 30 55 54 23 24 57 60 41 28 31 45 23 52 53 44 
43 43 41 44 35 48 44 50 61 42 39 51 43 31 36 46 25 63 41 59 33 65 42 40 26 44 43 35 58 46 
62 43 25 65 35 23 23 33 31 50 63 48 30 57 26 33 56 60 47 50 48 24 44 62 52 36 21 29 63 56 
27 51 48 62 43 53 22 46 55 63 38 37 41 45 34 46 33 62 39 57 56 24 57 24 37 37 21 52 28 55 
40 39 37 58 38 47 21 46 29 55 21 58 40 56 63 31 55 25 47 43 65 24 40 53 35 42 50 37 32 34 
61 42 57 36 53 53 22 46 62 57 35 31 29 61 22 32 45 42 21 31 57 58 39 54 46 27 65 46 59 62 
34 50 35 37 26 57 43 21 65 38 32 39 56 40 40 43 34 21 48 30 53 62 64 43 37 58 61 42 27 35 
41 43 60 40 38 57 33 46 56 24 40 27 61 56 26 57 55 27 40 57 33 30 31 60 60 61 50 27 23 41 
51 41 65 52 42 40 49 55 55 32 53 39 48 25 54 24 49 52 56 44 62 44 63 49 61 32 33 62 49 32 
42 48 21 61 37 24 45 34 39 32 54 38 26 44 29 58 23 58 47 32 49 28 24 38 44 65 57 60 23 41 
24 45 39 26 54 52 58 41 32 23 31 32 43 34 32 37 52 23 38 26 45 21 29 40 63 26 49 29 49 24 
61 50 42 47 24 21 35 24 41 36 54 62 60 63 59 56 60 41 64 64 53 36 58 40 53 61 63 37 61 48 
34 40 55 58 45 57 61 24 44 33 65 35 60 27 58 65 56 48 52 21 57 35 41 59 48 61 24 64 52 32 
60 28 48 44 46 57 45 34 36 27 50 31 25 57 25 64 41 43 51 36 30 41 36 29 23 32 46 53 63 52 
54 64 52 33 57 61 26 40 25 35 63 21 35 61 47 34 37 52 27 30 63 24 63 51 51 43 40 38 60 61 
31 33 54 38 27 32 65 61 48 62 48 28 50 39 27 58 60 62 59 24 61 23 52 58 57 35 40 40 44 29 

 średnia arytmetyczna wynosi: 43.173333333333